3
2
6
1
100
100
1
false
false
345717
441
137575
Philip
0
105206
35
37533

0
218366
102
74313
philip
0
145107
30
19700

0
150299
63
50400
Philip
0
318045
70
103955
Philip
0
397184
61
162763
Philip
0
427944
17
107634
Philip
0
356929
19
104070

0
132088
32
11300

0
932593
114
190033
Philip
0
281675
60
99874
Philip
0
168566
51
58219

0
238282
17
47249

0
179785
34
64997
Philip
0
413922
20
65878

0
650902
57
201082
Philip
0
171094
65
51206

0
216717
76
73761

0
190441
66
42721
Philip
0
474569
102
147744

0
347143
42
94741

0
311486
58
79416

0
389106
86
89720
Philip
0
882739
212
230094
Philip
0
234671
103
36928

0
0
59
0

0
23800
40
23800

0
0
0
0

0
0
0
0

0
